贝叶斯优化结果
时间戳: 20260227_061446
尝试次数: 400
最佳验证损失: 0.062737
最佳参数: {
  "hidden_dim": 104,
  "num_blocks": 9,
  "num_stages": 3,
  "num_cycles_per_stage": 2,
  "ratio_toZ_after_flowstage": 0.6540162818070427,
  "ratio_x1_x2_inAffine": 0.5816437692469725,
  "batch_size": 32,
  "learning_rate": 0.0005452008335396878,
  "weight_decay": 1.7130731509924992e-06,
  "weight_y": 0.21745801953492716,
  "weight_x": 0.17270257896844063,
  "weight_z": 0.2534696848821336
}
